0.193297
1.25956
1.48621
0.875492
-0.672784
1.69103
0.976681
-0.387004
0.425377
-1.14327
-0.213807
1.16594
0.207086
-0.88239
-0.544792
-0.162965
-0.678757
0.197338
0.512218
-0.321753
-0.0944451
0.213424
0.162449
-0.977629
-0.397296
-0.979989
-0.354163
-0.720182
-0.331563
-0.287095
0.647228
-0.322044
0.489389
-0.709185
-0.443005
-0.741673
0.376197
0.349909
-0.197119
0.187456
0.0871564
0.157986
-0.175979
0.12348
-0.111521
0.158066
-0.285339
-0.201672
-0.0572187
-0.0147252
0.00551038
0.19202
0.00857361
-0.206464
0.275419
-0.00974049
-0.0799683
0.197903
-0.0483433
-0.0885734
-0.0541404
-0.421144
-0.0143244
0.136967
0.311302
-0.345184
-0.176959
0.0963182
0.157376
-0.0443998
0.0319479
0.206247
-0.255662
0.0111398
0.0975058
-0.0657933
0.0683473
-0.125046
0.0559096
-0.00594055
0.131268
0.0764041
0.0607014
0.169131
0.0185694
-0.137796
-0.060175
-0.0319911
0.047965
-0.0138815
0.0382135
0.00394175
0.0288822
0.0131681
0.114007
0.0297341
0.0270491
0.157217
-0.192538
-0.037873
-0.0566926
-0.0475327
-0.0314703
0.00818951
0.0906282
0.102084
0.147598
-0.0615145
-0.0509738
-0.0434947
-0.0885906
-0.0329899
-0.00524897
0.00449287
-0.0470227
0.0130705
-0.105756
-0.00763013
-0.0578479
0.0258716
-0.0487245
0.000622595
-0.0465241
-0.0264716
0.0130579
0.0446902
0.110169
-0.0155087
0.0119967
-0.0365522
0.115689
0.0625007
-0.0318125
0.0267727
0.00242017
-0.0697244
-0.017607
0.0423355
-0.0392513
0.0381107
-0.000705421
-0.0747231
-0.01213
0.00582881
0.00280679
0.0208974
-0.0014679
-0.0421259
-0.00440537
-0.000558504
-0.000595477
-0.0624348
-0.00714289
0.0276991
-0.0219297
0.0183353
0.0350943
0.0150723
0.027418
-0.00722308
0.00896383
-0.0155176
-0.00802527
0.0313975
0.0223964
-0.00824309
0.0127076
-0.0124217
-0.021778
-0.00477203
-0.0355904
0.0198534
-0.00288554
-0.0355754
-0.0216058
-0.0244576
-0.0269756
-0.00178132
0.0443146
0.0406939
-0.00627767
-0.000824027
-0.0142797
-0.0104017
-0.0238969
-0.0122104
0.00192856
-0.0103272
0.0259104
0.0138675
-0.00452315
0.00665833
0.0118997
0.0329386
-0.012769
-0.00128624
-0.00993188
-0.00526872
0.0267752
