-1.43516
1.22753
-0.50217
0.299453
-1.03648
0.535158
-0.378037
0.993672
-2.58949
-0.742431
1.41902
0.378796
1.17369
-0.277028
0.712491
-0.156361
0.0396473
1.05078
-0.0186984
0.927183
-1.1865
0.0262069
-1.07501
0.713887
-0.031407
0.85069
-1.114
1.12241
0.621577
0.214799
0.438253
-0.694252
1.15298
-0.526428
1.26512
0.837694
0.336927
0.538057
-0.851301
-0.452663
0.206946
1.02091
-1.0379
-0.743831
1.34139
2.22286
-1.00076
0.673218
0.0353143
0.884175
-0.899178
0.742134
-1.30197
1.36746
-0.413367
-0.69164
0.632136
-2.69087
-0.433762
-1.42425
1.84239
0.824622
-0.568239
1.89472
-1.39355
0.170711
-1.35419
-0.836663
0.162496
-1.2406
-1.20828
-0.272271
-1.51395
0.171724
-0.0665522
-0.878202
1.48296
0.228705
0.172842
0.95391
-1.95648
-0.830947
-0.228818
-1.14848
0.930541
-0.0786067
-0.457116
0.25849
-0.981361
-1.87976
0.905565
-0.0498621
0.935676
1.3036
-0.016404
0.633947
0.815564
0.886418
-0.0686857
1.34836
