-1.03897
-0.520892
-0.816175
1.11226
-0.213046
-0.392932
1.3402
1.23312
-0.124052
0.0629967
-0.952007
-0.136754
1.67819
0.628773
1.5764
0.912244
0.436339
1.23967
1.54884
0.0242562
-1.41802
0.404272
0.0344681
-2.41254
0.398385
-2.33296
1.41665
-1.34194
-0.0343578
-2.49462
-0.750128
-0.944487
-0.558311
-1.57608
0.240991
0.914013
-0.00748541
0.123982
0.593533
1.25872
-0.496359
-0.994068
-0.115597
0.298622
0.356779
1.53973
-0.215997
1.37037
0.632516
-0.429944
-1.58294
1.79202
-1.49312
1.56894
-0.239026
-0.561468
1.03448
1.04025
0.147901
0.492603
-1.32387
-0.861161
-1.22173
-0.366087
-0.529196
0.347691
0.191084
0.348209
0.73297
-0.745508
-0.0877953
0.845498
-0.733363
-0.489035
0.208824
-0.00557131
0.326702
0.286748
-0.879587
-1.41233
-2.08281
-1.10675
-0.709404
-0.550053
-0.126559
0.422733
-0.301675
0.708072
-0.567262
-0.914646
0.384982
-0.99149
-0.473153
-0.749152
1.31922
0.619954
0.621656
0.354604
-0.461741
-0.260495
