0.57355
0.858439
1.75309
1.91188
-0.854369
1.16324
0.136135
0.547161
1.46942
-1.62132
-1.27822
1.56265
1.13034
-0.57171
-0.54935
-0.919549
0.0129133
0.463493
1.40244
-0.0835488
-0.462727
0.357709
0.20709
-0.119415
0.177978
-1.25135
0.513931
-0.0687817
-0.0313865
-0.171876
-0.332868
-0.302191
0.0508269
-0.300997
-0.207508
0.162977
0.336317
0.598258
0.0177199
-0.0285015
-0.00444166
-0.267325
0.107459
-0.295328
0.347466
-0.00457264
-0.0157952
-0.229892
-0.227545
0.0228368
0.00398924
0.190122
-0.0418289
-0.281804
0.296834
-0.0137317
0.0391154
-0.0179484
-0.134314
-0.419159
0.122157
-0.0357961
-0.000787664
-0.109352
0.391158
-0.282502
-0.0907504
-0.0825038
0.286258
-0.0333829
-0.0186999
0.242205
-0.172224
-0.0532141
0.0772921
-0.24139
-0.0581372
-0.166771
0.297268
-0.0881289
-0.00230696
0.157899
-0.0179765
0.0885667
0.0358074
0.0282492
0.0297447
-0.0651891
0.0136517
0.0832128
0.0594897
0.023475
0.0792708
0.00414297
0.0401195
0.0539244
-0.0845659
0.0619704
-0.0553228
-0.0865624
0.0120923
-0.0273903
-0.056272
-0.0335189
0.0793349
-0.12991
0.0192089
-0.173453
-0.0208815
-0.0582658
0.00111865
-0.0712113
-0.00559601
-0.0389226
-0.046145
0.044629
-0.0332375
0.0852244
0.0116541
-0.00370179
0.00147992
-0.0863316
-0.0651426
0.0545353
0.0938788
-0.00482542
0.0398148
-0.044537
0.0356066
-0.0414853
0.0589124
0.0523874
-0.0729818
-0.00458471
-0.0384321
0.0161606
-0.0150575
0.0389023
0.0560348
0.0359931
0.0269904
-0.0214828
0.0585182
-0.0285268
-0.000646328
0.0486196
0.061611
0.0227248
-0.0252978
0.0403003
0.021426
-0.00342365
-0.0251209
-0.0160261
-0.0366444
0.0206836
0.0423718
0.0621491
-0.0187006
-0.0067393
0.03186
0.0278661
0.0259425
-0.00421976
0.015704
-0.00500285
0.0101993
-0.0289379
-0.00838937
0.0223977
-0.0142842
0.0109277
0.0113025
-0.0556814
-0.0374985
0.0226213
0.0161895
-0.0236274
0.0248829
0.0316996
-0.0126567
-0.0208479
-0.00922401
-0.00519937
-0.0272509
0.0216056
0.00160437
-0.0371744
0.0223601
0.00160249
-0.0161943
0.00723187
0.00855267
0.0259079
-0.0043506
0.0196702
0.0129832
0.0114453
0.00939889
